I	Y	X
204506	427.05	370
698663	431.04	406
916466	431.53	374
179546	436.8	318
971922	439.45	394
965007	439.91	438
235062	440.35	454
8194	440.86	446
270100	441.14	406
717340	441.44	294
590438	442.42	374
529282	443.07	366
602470	443.19	402
455050	443.34	246
992553	445.81	506
790605	448.17	334
288289	448.83	442
402738	449.4	314
605632	449.85	390
505004	450.76	362
18523	450.98	410
922934	451.53	494
362768	451.85	286
167486	452.13	322
861556	452.5	314
286420	452.91	438
947230	453.03	334
254559	453.63	482
34883	453.86	350
221232	453.92	518
437188	454.19	358
712388	454.5	330
523936	455.02	438
805008	455.75	414
235417	455.85	394
796144	455.92	458
29009	456.17	402
973015	456.64	454
521510	456.76	398
693704	457.81	414
357523	458.39	418
817383	458.62	478
180039	458.88	234
532699	458.91	462
106090	458.91	414
874597	459.32	386
318426	459.53	394
554136	459.9	382
389814	460.22	454
350045	460.46	414
142623	460.86	446
500939	461.14	390
934448	461.27	294
11615	461.3	358
567866	461.32	314
183360	461.55	238
284877	462.09	486
433569	462.27	454
905078	463.92	430
677271	463.93	426
648653	464	318
876222	464.07	342
126164	464.28	322
166724	464.5	274
50049	465.22	398
467240	465.26	222
290835	465.56	438
969058	465.64	458
444134	465.68	558
204580	465.72	482
469164	466.01	438
12113	466.05	446
651864	466.7	454
130097	466.87	526
899767	467.13	406
127581	467.15	242
926546	467.15	394
765125	467.51	390
65274	467.73	454
720712	467.88	450
996603	468.09	350
946505	468.39	358
531720	468.67	470
135943	468.88	462
78450	469.13	386
706890	469.14	430
210768	469.19	418
638246	469.7	366
501004	469.9	410
260217	470	474
941781	470.17	426
894596	470.64	326
282180	471.07	398
416114	471.28	442
714227	471.7	354
248222	471.77	442
880796	471.97	326
334838	472.03	370
505011	472.06	430
321335	472.24	322
97301	472.31	410
721452	472.53	450
220702	472.71	406
965977	472.78	366
388100	473.35	422
504711	473.43	498
838684	473.72	394
574271	473.98	330
161000	474.13	510
217332	474.28	342
259435	474.54	414
161099	474.91	514
908331	475.2	426
604225	475.32	362
13171	475.48	470
188122	475.75	542
125195	475.9	422
282932	476	514
861414	476.56	490
659454	476.63	314
535320	476.7	554
719634	476.76	414
318868	476.84	210
348864	476.97	362
965333	477.04	330
602804	477.24	418
824768	477.7	398
665471	477.7	514
737306	477.94	454
498733	478.02	462
921181	478.02	430
127398	478.19	450
855045	478.43	394
676885	478.47	430
649531	478.49	334
372795	478.5	370
837566	478.58	294
72417	478.66	286
776755	478.69	458
409913	478.71	350
928103	478.75	334
531235	478.79	346
18349	478.98	494
352095	479.55	446
903898	479.57	434
800215	479.76	486
258181	479.92	330
931071	479.98	438
46332	480.17	478
678971	480.25	370
880995	480.41	510
492279	480.59	362
821427	480.62	470
935059	480.67	462
342200	480.86	362
233722	480.88	498
280153	480.92	498
801608	480.97	374
108905	481.05	394
931654	481.15	414
626899	481.29	302
835192	481.43	402
14551	481.48	406
862193	481.56	486
879626	482.06	442
934215	482.07	438
805040	482.22	518
38140	482.38	330
643213	482.47	346
438074	482.52	426
22853	482.55	282
418830	482.56	522
910824	482.63	446
36275	482.76	430
931934	482.84	506
263121	482.88	518
954344	482.91	318
850126	482.99	414
746274	483.05	502
402991	483.14	450
29280	483.19	402
515839	483.26	426
102582	483.52	306
2669	483.58	342
710562	483.59	302
72229	483.77	306
480429	483.84	426
91074	483.92	550
929054	483.92	490
715083	483.96	298
113225	483.99	418
902671	483.99	502
653947	484.13	450
929973	484.13	294
725209	484.18	506
777645	484.23	494
680786	484.29	510
924710	484.3	202
984466	484.39	434
612220	484.43	382
762631	484.58	454
536472	484.59	414
53746	484.68	546
711019	484.78	354
769421	484.8	514
763008	485.13	462
100124	485.15	314
247445	485.16	482
976290	485.24	386
426066	485.38	270
252834	485.4	458
560006	485.48	590
582595	485.76	430
855933	486.1	446
773120	486.21	454
419347	486.26	442
244766	486.31	434
117658	486.53	454
612379	486.75	298
241403	486.85	478
296091	486.89	306
824060	486.96	378
186944	486.98	394
616924	486.99	246
622472	487.09	466
327753	487.14	502
737737	487.14	498
960123	487.22	170
469981	487.32	466
768449	487.36	386
689673	487.42	486
87828	487.45	346
570513	487.52	478
262414	487.55	538
853954	487.75	498
265799	487.83	398
363823	487.95	310
406524	487.99	186
91317	488	474
766768	488.03	426
469023	488.16	606
328552	488.19	438
160437	488.19	498
551672	488.26	486
973289	488.4	630
813524	488.55	430
155443	488.61	374
149936	488.68	474
220955	488.7	510
274730	488.85	270
555285	488.86	410
627353	488.89	386
527096	488.89	334
889984	488.9	462
92943	489.03	374
976761	489.04	446
440638	489.17	422
405255	489.26	442
772647	489.26	582
236522	489.32	546
442287	489.43	474
274405	489.49	502
528752	489.5	518
589752	489.57	562
647253	489.7	410
381784	489.73	434
552667	489.74	382
678830	489.78	430
874490	489.94	382
776625	490.18	430
869102	490.19	454
93336	490.3	518
946343	490.33	242
123030	490.56	254
712587	490.82	426
731875	490.94	470
187253	490.98	542
617816	491.16	502
379883	491.45	438
361395	491.69	494
827809	491.87	442
166607	491.92	386
601880	491.94	458
276240	491.95	362
261649	491.97	534
126552	492.01	398
31940	492.04	490
28626	492.05	390
284171	492.09	366
505225	492.09	430
807413	492.1	558
401387	492.2	514
10392	492.3	174
428843	492.37	478
645942	492.38	338
814867	492.45	306
787953	492.49	446
506776	492.51	450
791961	492.75	442
368047	492.76	426
321443	492.89	434
909140	492.93	550
801727	492.94	442
842966	493.04	470
318144	493.3	626
276090	493.39	478
939215	493.41	506
511395	493.46	338
347040	493.52	422
301699	493.6	534
342868	493.6	534
264129	493.68	374
700686	493.81	242
807442	493.87	374
881760	493.88	530
500027	493.91	414
745246	493.91	426
413281	493.98	426
497951	494.02	514
894462	494.11	346
987938	494.32	430
983934	494.33	322
970773	494.37	306
735050	494.43	542
652959	494.55	574
463891	494.64	506
734152	494.8	490
555742	494.85	426
538353	495.08	446
587017	495.23	454
444209	495.31	370
315735	495.31	278
596309	495.58	418
202547	495.62	406
49466	495.79	326
596826	495.89	238
305232	496.21	338
93526	496.28	466
777535	496.44	490
826322	496.46	182
314555	496.47	470
583665	496.6	530
470359	496.62	530
41505	496.66	434
17677	496.67	314
468315	496.81	274
97798	496.88	434
916179	496.89	322
767025	496.89	494
980157	497.03	562
642348	497.04	302
906723	497.04	502
138445	497.1	566
309260	497.17	354
964923	497.19	406
566932	497.3	550
232713	497.44	438
290773	497.6	506
374682	497.72	418
384319	497.74	510
625320	497.86	462
582609	497.87	290
153387	497.9	362
331519	497.92	258
202866	497.95	446
34536	498.05	258
273732	498.05	510
661685	498.06	466
440671	498.07	550
614354	498.07	498
3024	498.14	442
655596	498.17	474
220503	498.26	610
824394	498.28	302
963056	498.49	186
668213	498.51	518
542827	498.6	502
876394	498.61	498
714009	498.65	370
913048	498.84	566
895764	498.88	522
415821	499.06	306
792967	499.09	518
417307	499.17	574
12752	499.19	578
761	499.24	626
71628	499.35	698
609124	499.5	422
176316	499.53	270
216848	499.94	414
784184	500.05	558
322951	500.08	270
918112	500.12	366
859234	500.2	450
348126	500.29	510
151135	500.3	538
991052	500.57	346
87468	500.67	354
906593	500.83	450
714430	500.96	518
721931	501.05	470
149110	501.14	610
882418	501.16	366
256733	501.2	418
163872	501.43	390
952973	501.49	650
124520	501.52	470
386134	501.54	442
160277	501.55	470
896762	501.69	446
957353	501.72	538
247228	501.94	546
652370	502.01	582
234208	502.1	418
853641	502.14	554
975022	502.19	226
639421	502.37	562
249523	502.4	718
362935	502.56	322
21632	502.58	406
681474	502.81	490
817303	502.94	282
20577	502.94	490
843379	503.06	586
319211	503.23	566
317999	503.41	466
43497	503.42	670
492448	503.53	450
125264	503.58	546
224124	503.59	490
765156	503.62	270
274168	503.69	562
409588	503.77	518
603354	503.93	490
538965	504.03	450
267550	504.12	410
492061	504.12	414
253233	504.15	446
737657	504.32	446
158057	504.46	498
45854	504.56	566
720858	504.66	478
158328	504.83	354
469375	504.84	398
149046	504.85	490
685308	504.87	490
527144	505.03	702
654487	505.07	502
718705	505.08	490
458731	505.1	498
594123	505.21	382
410021	505.22	574
469899	505.29	566
905705	505.4	470
434849	505.41	710
721652	505.5	674
453519	505.6	398
224869	505.64	486
208562	505.92	394
319973	506.05	538
219603	506.06	638
897178	506.11	642
966994	506.16	570
219687	506.26	522
53310	506.26	574
115266	506.32	478
811619	506.44	398
608551	506.46	278
221406	506.66	722
455942	506.73	382
618129	506.76	486
42947	506.77	798
407354	507.07	522
633340	507.11	290
171630	507.38	490
867511	507.43	582
380584	507.53	542
181609	507.68	374
727251	507.78	478
549934	507.85	534
221292	507.93	362
938330	507.95	606
832043	507.99	382
385936	508.14	418
715310	508.25	498
728240	508.34	466
142405	508.36	462
259873	508.45	502
342666	508.59	506
151347	508.68	570
932975	508.71	330
156151	508.73	326
776057	508.79	514
450605	508.81	558
368341	508.82	446
269131	508.83	626
978680	508.84	650
18793	509.06	534
529402	509.06	806
415911	509.07	538
199390	509.11	362
547794	509.13	434
262147	509.16	550
49240	509.22	618
521809	509.27	290
698719	509.31	482
120365	509.61	342
628285	509.65	546
605009	509.75	266
260577	509.8	814
488681	510.03	758
200048	510.07	398
228326	510.21	358
892855	510.26	842
900944	510.33	454
150784	510.38	278
44121	510.39	274
665960	510.42	774
839015	510.44	646
120260	510.5	522
374854	510.61	466
860849	510.64	686
412310	510.64	834
911736	510.78	530
462915	510.89	246
758142	511.03	370
954694	511.04	630
152526	511.06	622
951259	511.11	430
385782	511.15	506
977233	511.16	478
655365	511.21	466
339385	511.26	826
696079	511.29	250
194934	511.34	474
87410	511.35	454
344541	511.42	478
647916	511.52	530
999793	511.57	730
544696	511.62	590
682579	511.71	298
358332	511.88	526
347538	511.89	458
578517	512	442
85105	512.07	346
206860	512.3	462
345967	512.38	410
653353	512.49	650
781255	512.58	490
373181	512.65	810
515419	512.66	642
313594	512.9	474
832818	512.95	622
463873	513.03	498
913922	513.08	666
553735	513.09	542
960798	513.13	486
429587	513.21	326
883937	513.3	574
469998	513.32	658
872775	513.33	630
218748	513.54	466
312432	513.62	646
57106	513.64	622
427984	513.76	542
485129	513.92	490
379526	513.97	570
944113	514.03	590
96876	514.06	302
985822	514.15	614
98002	514.23	526
976348	514.23	458
686317	514.27	542
772594	514.33	574
344125	514.5	510
750095	514.77	758
192984	514.82	526
455207	514.82	802
958813	514.91	578
189679	515.01	682
643830	515.08	526
857184	515.17	474
933256	515.22	650
94987	515.45	526
629825	515.46	522
63595	515.51	490
709377	515.6	598
408632	515.69	566
300074	515.74	702
804829	515.83	386
157650	515.86	534
349360	515.9	730
581212	515.98	622
286867	516.05	694
182508	516.11	794
359257	516.13	550
110123	516.16	690
90915	516.24	666
521705	516.25	326
34497	516.25	582
651447	516.52	442
594942	516.56	562
334831	516.57	674
384145	516.68	718
984767	516.71	586
512518	516.76	522
766015	516.82	546
91134	517.09	486
404676	517.17	498
714386	517.18	626
638143	517.43	594
966174	517.45	626
759646	517.46	538
128288	517.53	454
719205	517.63	634
212351	517.75	678
980333	517.91	506
119442	518.14	486
425107	518.15	614
63632	518.24	754
31320	518.26	802
305231	518.31	574
543556	518.34	518
305503	518.45	790
71153	518.55	650
528074	518.64	326
947818	518.7	818
687714	518.96	774
667167	518.98	506
789304	519.06	530
148104	519.15	630
443489	519.15	542
851892	519.17	630
352923	519.23	522
667771	519.24	726
488282	519.4	610
677523	519.56	714
300533	519.6	830
736518	519.65	554
905172	519.67	526
811604	519.7	498
892239	519.71	686
38399	519.82	522
283795	519.89	706
841886	519.9	522
367452	520.06	710
166436	520.23	446
388325	520.26	566
63262	520.66	734
810930	520.68	434
636306	520.82	702
557845	520.83	662
61	520.84	490
193338	520.87	686
346354	521.04	598
757268	521.23	674
219680	521.27	566
551681	521.34	674
420784	521.4	478
386316	521.43	610
810023	521.43	558
335509	521.47	518
787389	521.56	530
855705	521.56	702
987759	521.65	642
640867	521.69	706
58963	521.83	510
105745	521.86	602
182213	521.97	506
801266	522.1	526
333929	522.2	722
198964	522.45	566
587429	522.49	574
977743	522.49	574
216538	522.51	578
951725	522.58	910
518496	522.62	698
946140	522.73	550
657824	522.78	678
438666	522.82	582
678539	522.85	670
912111	522.88	598
482385	523.02	754
806204	523.16	570
865172	523.2	658
208603	523.22	638
387107	523.23	562
390350	523.24	666
705057	523.25	506
996732	523.27	694
575635	523.28	570
10564	523.34	574
786421	523.35	558
240465	523.37	606
409152	523.4	674
34901	523.46	642
399926	523.5	578
916299	523.5	594
473237	523.55	694
2903	523.69	478
571188	523.73	526
146666	523.93	870
506737	523.97	530
342770	524.08	618
697390	524.09	562
252103	524.15	646
37097	524.17	750
628625	524.25	518
833196	524.26	594
181002	524.28	166
800283	524.33	782
843419	524.51	662
498220	524.57	574
119084	524.63	650
706935	524.64	726
29998	524.79	562
790122	524.84	682
190462	524.87	558
1120	524.88	602
251379	524.9	518
700621	524.9	686
80291	524.95	622
800187	525.01	490
761451	525.29	570
701381	525.74	526
201262	525.86	702
178423	525.95	490
219883	525.96	706
419325	525.97	618
367712	526.02	550
645688	526.15	734
100103	526.24	606
817675	526.26	658
493631	526.33	666
397995	526.76	606
477085	526.88	714
177609	526.96	498
666040	526.97	582
413119	527.04	706
191959	527.14	566
947829	527.25	682
588723	527.26	546
40069	527.26	542
599582	527.36	570
256942	527.38	562
535417	527.39	534
655615	527.57	654
350992	527.59	654
243769	527.67	558
192322	527.74	698
241465	527.79	550
316336	527.85	594
382377	527.85	518
47331	527.92	550
884203	528.05	502
894082	528.19	570
135894	528.49	702
368088	528.56	482
986777	528.56	710
535862	528.66	550
862151	529.04	606
16075	529.19	702
457402	529.2	446
694591	529.27	610
873058	529.32	654
218634	529.42	578
324984	529.6	658
753869	529.7	654
438253	529.7	702
114629	529.75	574
731914	529.88	570
860187	529.9	542
236100	529.99	694
744173	530.07	586
176274	530.12	594
336436	530.21	554
989800	530.37	574
292211	530.48	806
727644	530.52	458
554522	530.56	602
594825	530.61	610
909866	530.61	666
155447	530.66	622
155624	530.73	730
13944	531.06	626
490031	531.11	526
28805	531.12	586
567801	531.14	594
927204	531.27	582
146625	531.32	722
298006	531.35	558
625291	531.47	642
28472	531.54	854
851498	531.6	562
941960	531.63	658
957422	531.67	482
217209	531.8	526
155679	532.03	514
584290	532.03	742
933206	532.22	590
973387	532.26	538
643959	532.33	502
690235	532.42	522
878844	532.44	662
427880	532.48	466
387408	532.48	630
998645	532.52	686
586137	532.55	586
686165	532.56	614
966209	532.62	626
988105	532.77	510
159289	532.78	726
890679	532.85	478
112556	532.96	650
50548	532.98	666
197041	533.04	610
718466	533.09	614
832493	533.1	626
394880	533.11	610
415653	533.15	542
95106	533.3	806
388599	533.41	598
370371	533.43	454
674617	533.48	594
839921	533.56	674
414343	533.62	562
892668	533.77	618
374125	533.88	594
693056	533.94	546
5909	534	506
838376	534.09	566
133374	534.19	782
974034	534.2	486
749308	534.22	742
825208	534.27	586
734088	534.35	690
498253	534.37	650
747684	534.4	570
834165	534.6	498
640241	534.62	634
702812	534.73	578
715273	534.86	594
372838	534.89	526
417306	534.89	546
878687	535.28	626
388566	535.33	678
929353	535.33	646
20801	535.53	582
365124	535.65	570
477407	535.68	666
417246	535.69	686
99947	535.88	678
33944	535.91	626
760213	536.03	610
4819	536.05	618
944354	536.24	678
272941	536.26	610
484892	536.47	606
912143	536.58	646
877017	536.63	654
973113	536.64	654
602537	536.68	578
619779	536.73	670
951012	536.83	698
887187	536.98	746
546787	537.02	698
29804	537.09	578
517909	537.09	534
172586	537.27	726
424637	537.33	666
999236	537.36	558
792079	537.51	510
637015	537.54	634
943218	537.58	590
866265	537.63	518
377381	537.66	542
443374	537.81	726
554972	537.85	642
472954	537.97	498
867655	537.98	578
447326	538.32	582
726553	538.34	666
415246	538.39	566
600815	538.41	522
536092	538.83	770
302154	538.99	650
34250	539.02	774
765211	539.5	518
51939	539.74	574
88048	539.88	626
289603	539.9	506
751753	539.93	646
241829	539.94	534
32013	539.99	602
678847	540.03	630
686671	540.05	650
114858	540.19	810
477096	540.34	506
514208	540.55	438
78784	540.59	758
807614	540.62	498
659646	540.62	626
23352	540.95	586
901689	540.97	498
881624	540.98	606
277483	541.01	626
317530	541.2	590
39534	541.22	570
416842	541.43	706
127719	541.48	662
248046	541.59	634
224515	542.03	638
738281	542.38	606
347869	542.44	678
852876	542.62	498
82308	542.72	534
598387	542.87	630
769765	543.15	690
160873	543.17	618
202011	543.46	642
380786	543.5	610
163510	543.98	654
752390	544.07	674
82347	544.46	610
73163	544.61	566
378041	544.72	502
321690	545.05	686
325178	545.69	578
196846	545.92	562
120318	546.11	478
487134	546.14	622
907969	546.29	634
416778	546.71	530
523271	546.77	730
150274	546.84	634
483697	546.96	554
344254	547.59	654
474691	547.83	630
535769	548.03	442
261034	548.28	538
943160	548.47	618
756786	548.7	634
533318	548.76	654
953026	548.95	570
18277	549.02	570
754169	549.15	662
853992	549.34	562
776801	549.36	662
164025	549.38	458
343706	549.49	586
650830	549.6	694
87541	549.64	594
43308	550.01	626
715845	550.11	734
782375	550.41	518
812103	550.43	666
386590	550.53	562
378201	550.94	586
507348	551.02	614
880502	551.53	546
398524	551.91	682
477763	552.16	522
920232	552.18	622
126336	552.3	746
137193	552.94	694
105741	553.45	818
554489	553.56	598
675170	553.67	594
983230	553.69	618
467644	553.75	670
60551	554.12	570
268578	554.18	614
880438	554.78	574
319364	555.39	474
116513	555.48	598
744520	556.05	846
90304	556.26	578
180478	556.55	678
816597	556.93	630
769830	557.47	570
186770	557.76	650
852050	558.5	594
146570	558.58	634
971067	559.07	754
72421	559.67	510
686838	560.1	578
420989	561.29	586
680223	562.24	678
68669	563.91	570
14669	564.85	674
100127	567.33	666
681116	569.41	746
671550	569.68	614
878319	569.77	718
733941	570.99	746
21991	572.27	590
130358	573.69	602
112973	573.75	634
97826	574.8	654
939405	590.83	554